fx:887.563416 
fy:887.563416 
cx:269.500000 
cy:479.500000


Left RT:
0.999036 -0.015397 0.041102 213.647705
0.014328 0.999555 0.026183 -29.452923
-0.041487 -0.025569 0.998812 3.490551

Right RT:
0.998053 -0.025279 0.057027 179.923859
0.023963 0.999433 0.023659 -26.701370
-0.057592 -0.022246 0.998092 2.880011